5.000000 5.000000 5.000000 5.000000 5.000000 5.000000
0.000000 4.250000 7.862500 10.933125 10.043156 10.000000
0.000000 2.337500 5.610000 9.098719 10.028031 10.000000
0.000000 -0.116875 -0.274656 -0.441203 5.020659 10.000000
0.000000 4.290906 2.844313 3.408912 9.799650 10.000000
5.000000 5.000000 5.000000 5.000000 5.000000 5.000000

5.000000 5.000000 5.000000 5.000000 5.000000 5.000000
0.000000 0.680000 -0.962094 -3.267436 -5.537131 10.000000
0.000000 0.099344 -0.915716 -2.780075 -5.325496 10.000000
0.000000 2.203970 1.257297 4.712403 10.920462 10.000000
0.000000 5.896276 4.643824 9.305023 5.671080 10.000000
5.000000 5.000000 5.000000 5.000000 5.000000 5.000000

5.000000 5.000000 5.000000 5.000000 5.000000 5.000000
0.000000 4.551963 9.583271 15.306803 15.624706 10.000000
0.000000 2.439167 6.688480 12.128060 14.217998 10.000000
0.000000 3.812507 4.620875 10.286570 7.393866 10.000000
0.000000 6.862873 8.139958 2.621133 9.244751 10.000000
5.000000 5.000000 5.000000 5.000000 5.000000 5.000000

5.000000 5.000000 5.000000 5.000000 5.000000 5.000000
0.000000 0.042147 -3.412524 -8.364114 -11.335796 10.000000
0.000000 -0.501869 -2.990363 -7.470190 -11.212986 10.000000
0.000000 6.341155 9.967051 5.383406 10.876092 10.000000
0.000000 8.949560 -0.142851 10.273844 5.347523 10.000000
5.000000 5.000000 5.000000 5.000000 5.000000 5.000000

5.000000 5.000000 5.000000 5.000000 5.000000 5.000000
0.000000 5.620037 13.001099 21.883029 23.275120 10.000000
0.000000 2.923481 8.633676 17.075667 21.149128 10.000000
0.000000 10.257962 1.937724 10.681795 6.849591 10.000000
0.000000 0.538290 12.116162 0.816109 10.067005 10.000000
5.000000 5.000000 5.000000 5.000000 5.000000 5.000000

5.000000 5.000000 5.000000 5.000000 5.000000 5.000000
0.000000 -1.323603 -7.555909 -16.295298 -20.503198 10.000000
0.000000 -1.672563 -6.026329 -13.868441 -19.746881 10.000000
0.000000 1.445436 12.767921 4.271161 11.810639 10.000000
0.000000 14.042835 -4.440072 12.866073 4.113151 10.000000
5.000000 5.000000 5.000000 5.000000 5.000000 5.000000

5.000000 5.000000 5.000000 5.000000 5.000000 5.000000
0.000000 7.479965 18.420540 31.937533 34.808311 10.000000
0.000000 4.343026 12.574987 25.255672 31.944659 10.000000
0.000000 14.528765 -1.448088 12.381812 5.545910 10.000000
0.000000 -4.609129 17.306188 -2.644622 11.734549 10.000000
5.000000 5.000000 5.000000 5.000000 5.000000 5.000000

5.000000 5.000000 5.000000 5.000000 5.000000 5.000000
0.000000 -3.717248 -14.489043 -29.088080 -35.155499 10.000000
0.000000 -3.399674 -11.029173 -24.280813 -33.467267 10.000000
0.000000 -3.161486 17.037933 1.957852 13.529473 10.000000
0.000000 20.066780 -10.984578 17.383721 1.930382 10.000000
5.000000 5.000000 5.000000 5.000000 5.000000 5.000000

5.000000 5.000000 5.000000 5.000000 5.000000 5.000000
0.000000 10.511051 27.225432 48.194326 53.428721 10.000000
0.000000 6.490611 18.905968 38.480632 49.373671 10.000000
0.000000 20.083061 -6.914150 15.423932 3.321830 10.000000
0.000000 -12.115963 25.686702 -8.497897 14.561623 10.000000
5.000000 5.000000 5.000000 5.000000 5.000000 5.000000

5.000000 5.000000 5.000000 5.000000 5.000000 5.000000
0.000000 -7.550615 -25.653126 -49.723431 -58.795701 10.000000
0.000000 -6.102290 -19.043803 -41.061858 -55.587749 10.000000
0.000000 -10.161448 24.071112 -1.997300 16.388145 10.000000
0.000000 29.640204 -21.772173 24.946695 -1.717194 10.000000
5.000000 5.000000 5.000000 5.000000 5.000000 5.000000

5.000000 5.000000 5.000000 5.000000 5.000000 5.000000
0.000000 -7.550615 -25.653126 -49.723431 -58.795701 10.000000
0.000000 -6.102290 -19.043803 -41.061858 -55.587749 10.000000
0.000000 -10.161448 24.071112 -1.997300 16.388145 10.000000
0.000000 29.640204 -21.772173 24.946695 -1.717194 10.000000
5.000000 5.000000 5.000000 5.000000 5.000000 5.000000